# Blender 3.3.3
# www.blender.org
mtllib cloud.mtl
o Cube
v 1.091275 1.235320 -0.097925
v 1.096237 1.605526 -0.106557
v -1.471100 1.268870 -0.132111
v -1.466138 1.639076 -0.140743
v 1.100364 1.218938 -0.795282
v 1.105327 1.589144 -0.803914
v -1.462011 1.252488 -0.829467
v -1.457049 1.622694 -0.838099
vn -0.0130 0.0235 0.9996
vn -0.9998 0.0131 -0.0133
vn 0.0130 -0.0235 -0.9996
vn 0.9998 -0.0131 0.0133
vn -0.0134 -0.9996 0.0233
vn 0.0134 0.9996 -0.0233
vt 0.375000 0.000000
vt 0.375000 1.000000
vt 0.125000 0.750000
vt 0.625000 0.000000
vt 0.625000 1.000000
vt 0.875000 0.750000
vt 0.375000 0.250000
vt 0.125000 0.500000
vt 0.625000 0.250000
vt 0.875000 0.500000
vt 0.375000 0.750000
vt 0.625000 0.750000
vt 0.375000 0.500000
vt 0.625000 0.500000
s 0
f 1/1/1 2/4/1 4/9/1 3/7/1
f 3/7/2 4/9/2 8/14/2 7/13/2
f 7/13/3 8/14/3 6/12/3 5/11/3
f 5/11/4 6/12/4 2/5/4 1/2/4
f 3/8/5 7/13/5 5/11/5 1/3/5
f 8/14/6 4/10/6 2/6/6 6/12/6
o Cube.001
v 0.710249 1.601201 -0.071565
v 0.714913 1.903544 -0.078226
v -1.086512 1.628281 -0.100616
v -1.081848 1.930624 -0.107276
v 0.719130 1.588706 -0.632484
v 0.723794 1.891049 -0.639144
v -1.077631 1.615786 -0.661534
v -1.072967 1.918129 -0.668195
vn -0.0158 0.0223 0.9996
vn -0.9998 0.0151 -0.0162
vn 0.0158 -0.0223 -0.9996
vn 0.9998 -0.0151 0.0162
vn -0.0154 -0.9996 0.0220
vn 0.0154 0.9996 -0.0220
vt 0.375000 0.000000
vt 0.375000 1.000000
vt 0.125000 0.750000
vt 0.625000 0.000000
vt 0.625000 1.000000
vt 0.875000 0.750000
vt 0.375000 0.250000
vt 0.125000 0.500000
vt 0.625000 0.250000
vt 0.875000 0.500000
vt 0.375000 0.750000
vt 0.625000 0.750000
vt 0.375000 0.500000
vt 0.625000 0.500000
s 0
f 9/15/7 10/18/7 12/23/7 11/21/7
f 11/21/8 12/23/8 16/28/8 15/27/8
f 15/27/9 16/28/9 14/26/9 13/25/9
f 13/25/10 14/26/10 10/19/10 9/16/10
f 11/22/11 15/27/11 13/25/11 9/17/11
f 16/28/12 12/24/12 10/20/12 14/26/12
o Cube.002
v 0.247847 1.910583 -0.085778
v 0.250639 2.091509 -0.089764
v -0.682248 1.924601 -0.100816
v -0.679457 2.105527 -0.104802
v 0.253145 1.903130 -0.420382
v 0.255936 2.084055 -0.424368
v -0.676950 1.917148 -0.435420
v -0.674159 2.098073 -0.439406
vn -0.0158 0.0223 0.9996
vn -0.9998 0.0151 -0.0162
vn 0.0158 -0.0223 -0.9996
vn 0.9998 -0.0151 0.0162
vn -0.0154 -0.9996 0.0220
vn 0.0154 0.9996 -0.0220
vt 0.375000 0.000000
vt 0.375000 1.000000
vt 0.125000 0.750000
vt 0.625000 0.000000
vt 0.625000 1.000000
vt 0.875000 0.750000
vt 0.375000 0.250000
vt 0.125000 0.500000
vt 0.625000 0.250000
vt 0.875000 0.500000
vt 0.375000 0.750000
vt 0.625000 0.750000
vt 0.375000 0.500000
vt 0.625000 0.500000
s 0
f 17/29/13 18/32/13 20/37/13 19/35/13
f 19/35/14 20/37/14 24/42/14 23/41/14
f 23/41/15 24/42/15 22/40/15 21/39/15
f 21/39/16 22/40/16 18/33/16 17/30/16
f 19/36/17 23/41/17 21/39/17 17/31/17
f 24/42/18 20/38/18 18/34/18 22/40/18
o Cube.003
v 0.537572 1.229954 -0.646330
v 0.534937 1.033402 -0.641747
v -0.672306 1.245351 -0.681559
v -0.674940 1.048798 -0.676976
v 0.529663 1.236460 -0.371881
v 0.527029 1.039908 -0.367297
v -0.680214 1.251856 -0.407109
v -0.682849 1.055304 -0.402526
vn 0.0288 -0.0237 -0.9993
vn -0.9995 0.0127 -0.0291
vn -0.0288 0.0237 0.9993
vn 0.9995 -0.0127 0.0291
vn 0.0134 0.9996 -0.0233
vn -0.0134 -0.9996 0.0233
vt 0.375000 0.000000
vt 0.375000 1.000000
vt 0.125000 0.750000
vt 0.625000 0.000000
vt 0.625000 1.000000
vt 0.875000 0.750000
vt 0.375000 0.250000
vt 0.125000 0.500000
vt 0.625000 0.250000
vt 0.875000 0.500000
vt 0.375000 0.750000
vt 0.625000 0.750000
vt 0.375000 0.500000
vt 0.625000 0.500000
s 0
f 25/43/19 26/46/19 28/51/19 27/49/19
f 27/49/20 28/51/20 32/56/20 31/55/20
f 31/55/21 32/56/21 30/54/21 29/53/21
f 29/53/22 30/54/22 26/47/22 25/44/22
f 27/50/23 31/55/23 29/53/23 25/45/23
f 32/56/24 28/52/24 26/48/24 30/54/24
